CVE-2000-0973;2000-10-13;396;937;937;1
CVE-2003-1605;2003-08-03;1091;1961;1024;2
CVE-2005-0490;2005-02-21;1607;2530;568;3
CVE-2005-3185;2005-10-13;808;2763;233;4
CVE-2005-4077;2005-12-07;590;2819;55;5
CVE-2006-1061;2006-03-20;158;2922;103;6
CVE-2007-3564;2007-07-10;785;3398;476;7
CVE-2009-0037;2009-03-03;3459;4001;602;8
CVE-2009-2417;2009-08-12;3222;4162;161;9
CVE-2010-0734;2010-02-09;2458;4344;181;10
CVE-2010-3842;2010-10-13;245;4589;245;11
CVE-2011-2192;2011-06-23;2887;4842;253;12
CVE-2012-0036;2012-01-24;714;5058;215;13
CVE-2011-3389;2012-01-24;3102;5058;0;14
CVE-2013-0249;2013-02-06;258;5437;379;15
CVE-2013-1944;2013-04-12;4960;5501;64;16
CVE-2013-2174;2013-06-22;4474;5572;71;17
CVE-2013-4545;2013-11-15;2118;5719;146;18
CVE-2013-6422;2013-12-17;1034;5751;32;19
CVE-2014-0015;2014-01-29;3838;5794;43;20
CVE-2014-0138;2014-03-26;3876;5850;56;21
CVE-2014-0139;2014-03-26;4979;5850;0;22
CVE-2014-1263;2014-03-26;671;5850;0;23
CVE-2014-2522;2014-03-26;671;5850;0;24
CVE-2014-3613;2014-09-10;5147;6017;167;25
CVE-2014-3620;2014-09-10;445;6017;0;26
CVE-2014-3707;2014-11-05;2564;6074;56;27
CVE-2014-8150;2015-01-08;5596;6138;64;28
CVE-2014-8151;2015-01-08;565;6138;0;29
CVE-2015-3143;2015-04-22;4286;6241;103;30
CVE-2015-3148;2015-04-22;4286;6241;0;31
CVE-2015-3145;2015-04-22;669;6241;0;32
CVE-2015-3144;2015-04-22;336;6241;0;33
CVE-2015-3153;2015-04-29;5378;6248;7;34
CVE-2015-3236;2015-06-17;159;6297;49;35
CVE-2015-3237;2015-06-17;159;6297;0;36
CVE-2016-0755;2016-01-27;4548;6522;224;37
CVE-2016-0754;2016-01-27;2178;6522;0;38
CVE-2016-3739;2016-05-18;2163;6633;111;39
CVE-2016-4802;2016-05-30;4454;6645;12;40
CVE-2016-5421;2016-08-03;1087;6710;65;41
CVE-2016-5420;2016-08-03;5840;6710;0;42
CVE-2016-5419;2016-08-03;5840;6710;0;43
CVE-2016-7141;2016-09-07;2583;6745;35;44
CVE-2016-7167;2016-09-14;4561;6752;7;45
CVE-2016-8625;2016-11-02;4536;6802;49;46
CVE-2016-8624;2016-11-02;5931;6802;0;47
CVE-2016-8623;2016-11-02;4828;6802;0;48
CVE-2016-8622;2016-11-02;1744;6802;0;49
CVE-2016-8621;2016-11-02;4398;6802;0;50
CVE-2016-8620;2016-11-02;1051;6802;0;51
CVE-2016-8619;2016-11-02;5879;6802;0;52
CVE-2016-8618;2016-11-02;5931;6802;0;53
CVE-2016-8617;2016-11-02;5931;6802;0;54
CVE-2016-8616;2016-11-02;5704;6802;0;55
CVE-2016-8615;2016-11-02;5931;6802;0;56
CVE-2016-9953;2016-12-21;1349;6851;49;57
CVE-2016-9952;2016-12-21;1349;6851;0;58
CVE-2016-9586;2016-12-21;5980;6851;0;59
CVE-2016-9594;2016-12-23;2;6853;2;60
CVE-2017-2629;2017-02-22;63;6914;61;61
CVE-2017-7407;2017-04-03;6229;6953;39;62
CVE-2017-7468;2017-04-19;118;6969;16;63
CVE-2017-9502;2017-06-14;111;7025;56;64
CVE-2017-1000099;2017-08-09;56;7081;56;65
CVE-2017-1000100;2017-08-09;4318;7081;0;66
CVE-2017-1000101;2017-08-09;1330;7081;0;67
CVE-2017-1000254;2017-10-04;6039;7137;56;68
CVE-2017-1000257;2017-10-12;2801;7145;8;69
CVE-2017-8816;2017-11-29;1344;7194;48;70
CVE-2017-8817;2017-11-29;2723;7194;0;71
CVE-2017-8818;2017-11-29;56;7194;0;72
CVE-2018-1000005;2018-01-24;616;7250;56;73
CVE-2018-1000007;2018-01-24;6708;7250;0;74
CVE-2018-1000120;2018-03-14;4832;7299;49;75
CVE-2018-1000121;2018-03-14;2828;7299;0;76
CVE-2018-1000122;2018-03-14;2955;7299;0;77
CVE-2018-1000301;2018-05-16;3017;7361;62;78
CVE-2018-1000300;2018-05-16;336;7361;0;79
CVE-2018-0500;2018-07-11;392;7417;56;80
CVE-2018-14618;2018-09-05;4468;7473;56;81
CVE-2018-16839;2018-10-31;1843;7530;56;82
CVE-2018-16840;2018-10-31;231;7530;0;83
CVE-2018-16842;2018-10-31;4808;7530;0;84
CVE-2019-3823;2019-02-06;1877;7628;98;85
CVE-2019-3822;2019-02-06;1778;7628;0;86
CVE-2018-16890;2019-02-06;1778;7628;0;87
CVE-2019-5435;2019-05-22;202;7732;104;88
CVE-2019-5436;2019-05-22;3731;7732;0;89
CVE-2019-5443;2019-06-12;336;7753;21;90
CVE-2019-5482;2019-09-11;3843;7844;91;91
CVE-2019-5481;2019-09-11;993;7844;0;92
now;2020-03-18;0;8034;189;92
